0,0.0323,0.0591,0.2581,0.2698,0.5012;
0,0.0547,0.0801,0.2776,0.2915,0.5437;
0,0.1360,0.1619,0.2475,0.2726,0.4942;
0,0.1922,0.2194,0.4116;
0,0.0509,0.0692,0.1585,0.1722,0.4200,0.4407,0.6629;
0,0.0815,0.0929,0.1878,0.1988,0.3347;
0,0.0800,0.0948,0.1496,0.1692,0.2266,0.2516,0.4438;
0,0.0851,0.1064,0.2182,0.2419,0.4238;
0,0.0213,0.0376,0.0953,0.1100,0.1825,0.1969,0.2848,0.3077,0.5272;
0,0.0364,0.0543,0.1478,0.1645,0.3595,0.3712,0.5776;
0,0.0620,0.0757,0.1206,0.1361,0.1901,0.2141,0.3439;
0,0.0646,0.0799,0.1351,0.1528,0.3447,0.3747,0.5805;


0,0,40090,40090,57680,57680;
0,0,38044,38044,58907,58907;
0,0,38863,38863,76498,76498;
0,0,40908,40908;
0,0,27408,27408,47862,47862,78952,78952;
0,0,17181,17181,33544,33544;
0,0,22090,22090,51544,51544,89179,89179;
0,0,31908,31908,67498,67498;
0,0,24545,24545,46635,46635,68316,68316,102679,102679;
0,0,26999,26999,51953,51953,69543,69543;
0,0,20454,20454,43772,43772,79771,79771;
0,0,22908,22908,49498,49498,94497,94497;
